x_obs <-
c(7.193406531389454, 10.1418250473578, 5.718777641898015, 3.832384477876269, 8.83432422587294, 7.324474235606247, 3.424755592319194, 5.019112445757948, 7.495895440961954, 6.864219144684907, 6.4946388695980986, 5.586611049481422, 5.364451740149611, 3.845937799084558, 7.252672972905361, 7.78591686143563, 7.018952082199847, 5.391107261506339, 5.776617703685979, 5.89726442748149, 5.93657271861057, 5.977676345145783, 7.565896058663481, 7.094666657127759, 5.296972543631282, 8.230368410858768, 6.172243472600856, 7.793623875685398, 8.352807827896115, 6.286857024667252, 7.210620914687184, 5.240009364702712, 7.257864474980029, 8.579193490041096, 5.6383403651546615, 6.593613382643659, 6.292104842643294, 5.708522090683889, 7.779695229226922, 4.388695557895005, 9.527730508356708, 9.63070381108343)
y_obs <-
c(-2.154426986041638, -3.5348667514934697, -1.6385086981991108, 0.579110956282076, -1.563593192597213, -1.9855460817132173, -3.2150212121550794, 2.780165309959282, -4.30065093531069, -1.3263381360693458, -1.489215916624925, -1.4785500764428867, -1.2526127734770665, -0.0868740114451344, -4.182482643999985, -2.8207494766614603, -1.12149936245432, -2.1391411004710927, -1.6465171593087766, -2.887317517760202, -2.524270964964539, 2.938138082755012, -2.742523817969926, -2.3261860615177348, -1.243600975191374, -1.596455368455385, -1.2275279382409572, -2.952416759283997, -3.0559120540362605, -1.989667683115169, -0.01334114421314242, 0.50385734359161, -3.916591146201889, -0.8649997269513231, 1.2911391664096197, -0.15256522228067543, -2.244390920757535, -2.874444383835436, 0.14774340222056487, 1.0775398872249609, -3.3564265288170962, -7.430859088718505)
N <- 42
