x_obs <-
c(7.4941530045367895, 3.8500008158802776, 8.363272158803712, 10.428528342901943, 7.6577911877463505, 4.523889954767935, 7.423091109039847, 4.7614185295059634, 2.829202868090057, 7.803086061328818, 6.835793173390664, 8.033212646338276, 6.343855193006833, 3.3792173179269236, 4.467672869251859, 9.358695599268625, 5.750606556147716, 4.184676574859115, 4.528729999468618, 4.976010887731424, 6.660014684912818, 5.745961326519259, 6.789904903025817, 2.187904146984477, 5.648415471811362, 6.128279355278339, 5.437618027978642, 5.017592988749018, 7.061093576815654, 5.4788687426560205, 6.502605625728816, 4.556701071023004, 5.110477811032129, 6.872238612652421, 7.958957643205105, 8.780512526172284, 6.251326276345877, 6.312526059804827, 6.589335249750311, 3.9463294096038872, 4.667536882025479, 6.20913137856155, 2.9437848016193047, 8.493145694474645, 4.78179647541652, 5.210102567858353, 1.9515230747740375, 5.445201894912439, 6.129003762161053, 6.457973418824622, 6.64882835477543, 7.198602328887264, 7.81795372805118, 4.151432930682242, 4.715984215161642, 2.5782260700543063, 5.073286496248704, 1.7528989593450899, 2.224038504720004, 5.571138384700225, 6.126972308950649, 7.008699451800456, 4.068075603513362, 5.919850852958697, 5.386236826694846, 8.489141689594451, 3.6729401195594633, 7.090634388785327, 6.157336978690816, 7.856026010391779, 3.8074595534035773, 3.7069397521512735, 4.233752618698373, 3.459398765137558, 4.36253362478248, 4.552372260936405, 6.569661109277329, 8.423032504777318, 5.855137776877132, 3.6231834181384004)
N <- 80
